3275
2866
2767
3115
3316
2987
3113
3502
3666
3361
3240
3764
3989
3426
3202
3564
3657
3278
3108
3513
3682
3447
3525
3863
3978
3586
3494
3894
3902
3505
3472
3886
4081
3630
3630
4083
4187
3849
3510
4546
4811
3891
3953
4359
4403
4067
4264
4581
4678
4222
4274
4660
4854
4617
4636
5131
5417
5320
5010
5584
6079
6092
6388
8484
10077
7538
5407
4971
4729
4224
4095
4190
4225
3900
3812
3942
4089
3893
3497
3679
3869
3648
3371
3583
3840
3582
3374
3718
3896
3344
3167
3590
3905
3451
3349
3763
3928
3442
3245
4208
4258
3390
3459
3817
3841
3479
3445
3661
3611
3415
3359
3569
3864
3593
3289
3486
3708
3599
3506
3770
2825
2676
3168
3453
3068
2932
3404
3285
2873
3147
3436
3283
3141
2945
3371
3256
3048
3196
3562
3556
3221
3040
3436
3404
3108
3092
3488
3507
3081
3236
3439
3488
3139
3133
3659
3561
3129
3011
3921
3803
3346
3145
3682
3635
3380
3375
3760
3660
3328
3309
3851
3761
3284
3409
4011
4188
3974
3963
4362
4286
4240
4518
5017
5875
5806
4921
4906
4357
3740
3607
3825
3575
3239
3154
3254
3132
3117
3082
3242
3264
3047
2806
3068
3140
2954
2962
3216
3071
2940
2943
3157
3186
3044
2860
3089
3060
2815
2598
3044
3146
3016
2970
3063
3002
2948
2925
3129
3095
2866
2734
3050
3043
2800
2865
3082
3104
2854
2669
2939
2158
2256
2258
2225
2131
2214
2411
2465
2449
2673
2451
2496
2614
2383
2529
2535
2464
2339
2550
2681
2480
2617
2859
2693
2547
2485
2737
2706
2661
2725
2901
2887
2772
2661
2751
2758
2783
2739
3034
3112
2864
2784
2922
3054
2930
2982
3073
3186
3091
3011
3089
3175
3196
3307
3498
3486
3416
3409
3738
3876
4048
4211
5203
5596
4759
4082
3767
3603
3192
2950
3055
2945
2882
2925
3077
2906
2823
2775
2961
2898
2786
2726
2763
2815
2677
2669
2836
2815
2879
2711
2698
2733
2714
2715
2790
2812
2700
2591
3045
3032
2685
2667
2851
2923
2791
2697
2796
2907
2819
2652
2890
2826
2682
2694
2637
2546
2546
2518
2573
2576
2108
2143
2155
2221
1988
2019
2411
2414
2236
2391
2653
2584
2376
2300
2528
2756
2584
2644
2752
2737
2684
2601
2839
2723
2432
2459
2879
2897
2724
2640
2830
2806
2763
2681
2962
2975
2887
2872
3423
3395
3091
2970
3199
3215
3172
3262
3509
3381
3289
3484
3735
3644
3580
3722
4134
4356
4110
4227
4699
4822
4946
5425
6563
7293
6406
5328
4748
4205
3611
3655
3883
3748
3419
3223
3347
3346
3176
3121
3362
3185
2844
2910
3115
3201
2981
2757
3126
3132
2700
2646
2714
2673
2673
2639
2891
2858
2762
2685
2970
2944
2630
2664
2866
2880
2692
2536
2837
2922
2704
2617
2937
2829
2612
2647
2939
2838
2705
2652
2791
2763
968
945
953
1038
1101
1022
968
1063
1040
991
1068
1334
1072
965
891
1000
1030
1003
931
1004
1063
1009
996
1147
1106
1079
1023
1105
1079
1038
1061
1135
1111
1056
978
1128
1176
1027
1021
1452
1368
1224
1220
1230
1300
1292
1200
1232
1322
1229
1154
1209
1162
1034
996
1074
1062
978
1025
1062
1140
1063
1037
1085
1109
1021
991
1112
1165
1109
1032
1078
1077
1009
1061
1121
1133
1086
1040
1131
1107
997
949
1084
1169
1076
1068
1155
1154
1096
1130
1127
1192
1060
1031
1140
1150
1091
1048
1449
1556
1303
1269
1352
1372
1241
1323
1385
1352
1220
1091
1100
1197
1115
1078
1212
1234
1195
1083
1189
1170
961
936
907
962
988
956
915
1117
1051
907
1167
1397
1072
993
978
1047
991
1027
991
1008
976
881
907
1039
1037
1022
985
1021
1089
999
944
1017
1126
986
943
1056
1126
1037
980
1370
1391
1258
1202
1227
1190
1120
1118
1202
1129
1104
1080
1140
1133
1126
1091
1091
1097
1034
1067
1103
1060
1023
1059
1053
1007
1036
979
1042
1044
1038
1096
1086
998
1009
1065
1155
1117
985
1032
1077
1066
955
980
1012
1019
987
1012
1071
1056
1050
1079
1090
1002
994
971
1045
1010
1006
1016
1429
1362
1249
1258
1332
1310
1288
1226
1322
1348
1190
1077
1131
1135
1111
1036
1083
1121
1099
1053
1094
2559
2728
2761
2943
3079
2914
2879
2801
3003
3022
2934
3097
3106
3025
3018
3036
3015
2942
2888
3000
3087
2995
3128
3189
3322
3338
3252
3210
3160
3266
3311
3271
3359
3478
3355
3411
3394
3562
3669
3735
3742
3825
3808
3869
3985
4048
4018
4147
4340
4555
4812
4640
4795
4959
5296
5647
5808
5986
6325
6874
7251
7733
8768
11954
14273
11777
8114
6879
6165
5493
5266
4994
4713
4775
4618
4292
4119
4052
4117
3725
3492
3594
3616
3640
3453
3491
3439
3345
3254
3386
3536
3474
3181
3282
3208
3017
3012
3252
3093
3081
3068
2989
2934
2978
2891
2942
2965
2840
2899
2988
2812
2847
2769
2762
2634
2774
2821
2767
2797
2791
2719
1988
1918
2038
2154
2097
2235
2279
2449
2493
2624
2727
2461
2534
2575
2505
2495
2501
2605
2519
2544
2537
2502
2697
2568
2755
2823
2733
2629
2625
2575
2708
2803
2744
2761
2802
2776
2847
2965
2891
2837
2910
3010
2843
2941
3248
3334
3169
3210
3307
3459
3322
3359
3473
3607
3881
3704
3778
3714
3879
4089
4204
4128
4204
5204
5157
4445
4089
3730
3554
3589
3312
3285
3118
3164
3307
3045
3102
3121
3042
3151
3035
3037
2916
2925
2996
2894
2911
2998
2910
2928
2981
3113
3049
2889
2976
2978
3006
2983
3009
2944
2727
2998
3017
3109
2957
3009
3068
3268
3354
3372
3260
3300
3254
3350
3443
3607
3829
3841
3881
3944
2414
2370
2476
2539
2567
2815
2822
2836
3603
3851
3629
3620
3249
3279
3390
3509
3302
3503
3540
3418
3469
3501
3566
3609
3623
3427
3348
3603
3761
3697
3703
3781
3851
3894
4335
4438
4602
4444
4421
